1
27
32
37
38
46
50
66
71
75
77
79
83
94
95
96
97
98
104
105
110
115
119
125
127
128
130
134
138
139
140
141
142
143
144
149
152
153
154
173
178
181
182
186
196
198
199
200
210
212
234
256
260
261
262
264
265
276
281
282
283
288
290
295
296
301
304
305
308
310
315
318
319
320
331
339
340
346
347
348
353
355
360
361
362
363
364
365
366
367
368
376
379
381
382
387
388
394
397
400
401
408
409
412
413
416
419
421
424
426
429
430
433
434
438
440
441
447
450
451
452
455
457
461
469
480
481
482
484
485
486
489
491
492
493
494
496
503
510
517
525
526
530
531
532
555
556
557
563
577
578
579
580
581
582
583
584
585
587
589
608
610
617
625
626
637
638
640
642
644
649
651
655
657
661
664
681
685
697
710
723
724
727
736
744
747
748
749
750
752
756
758
761
764
769
773
778
779
780
781
782
783
793
797
809
812
813
814
819
820
824
830
849
858
865
869
881
882
903
910
911
912
925
928
929
935
941
942
946
947
952
953
966
968
973
976
994
998
999
1000
1001
1002
1004
1005
1017
1018
1019
1023
1030
1033
1034
1047
1052
1054
1058
1060
1062
1065
1066
1067
1068
1069
1071
1079
1081
1082
1083
1084
1085
1087
1100
1101
1102
1105
1106
1111
1112
1113
1114
1119
1121
1124
1130
1131
1141
1145
1148
1149
1165
1172
1176
1178
1179
1183
1189
1190
1191
1192
1200
1210
1211
1213
1214
1219
1226
1256
1257
1264
1265
1266
1271
1273
1274
1275
1277
1280
1285
1286
1290
1297
1301
1316
1317
1329
1334
1336
1337
1338
1339
1341
1342
1343
1345
1356
1375
1376
1380
1382
1383
1387
1388
1390
1400
1410
1446
1454
1455
1457
1458
1459
1463
1464
1465
1468
1471
1472
1477
1478
1482
1483
1485
1486
1487
1488
1489
1493
2501
2517
2518
2528
2529
2552
2553
2556
2557
2558
2560
2564
2574
2575
2581
2583
2584
2585
2586
2588
2593
2601
2602
2604
2605
2607
2608
2615
2632
2633
2634
2636
2650
2653
2655
2657
2660
2662
2663
2665
2669
2675
2680
2701
2702
2704
2705
2706
2708
2709
2711
2713
2721
2727
2732
2737
2745
2747
2750
2751
2753
2756
2760
2761
2767
2810
2832
2846
2847
2848
2853
2860
2865
2866
2867
2869
2873
2875
2876
2878
2879
2881
2889
2891
2895
2897
2898
2903
2906
2913
2914
2919
2924
2925
2926
2928
2939
2943
2945
2949
2956
2957
2959
2963
2964
2965
2966
2968
2974
2977
2981
2982
2984
2986
2990
2991
3007
3014
3018
3022
3027
3028
3030
3033
3036
3037
3038
3040
3042
3043
3058
3059
3060
3061
3066
3067
3076
3081
3083
3088
3089
3091
3092
3093
3094
3096
3098
3110
3114
3117
3121
3123
3125
3126
3138
3142
3146
3148
3149
3153
3156
3159
3160
3177
3178
3188
3189
3190
3191
3192
3193
3194
3197
3198
3199
3204
3205
3206
3211
3214
3220
3221
3231
3237
3238
3242
3246
3249
3250
3255
3257
3258
3259
3264
3267
3269
3271
3272
3278
3293
3294
3295
3296
3297
3299
3305
3306
3307
3309
3316
3318
3322
3324
3325
3326
3328
3329
3334
3335
3338
3339
3340
3342
3349
3351
3354
3356
3361
3369
3370
3376
3377
3378
3379
3389
3390
3398
3409
3412
3413
3414
3419
3426
3432
3435
3437
3439
3440
3469
3478
3480
3495
3497
3499
3500
3503
3505
3516
3519
3521
3524
3528
3532
3534
3547
3568
3575
3582
3585
3586
3587
3588
3589
3590
3592
3593
3603
3605
3606
3608
3612
3614
3626
3627
3628
3629
3630
3632
3637
3638
3640
3642
3650
3651
3652
3655
3656
3660
3669
3670
3672
3675
3681
3684
3685
3686
3687
3688
3691
3693
3694
3695
3699
3703
3712
3721
3730
3734
3735
3738
3739
3745
3746
3747
3765
3773
3782
3783
3784
3789
3793
3801
3807
3813
3814
3828
3829
3830
3846
3847
3848
3849
3852
3853
3859
3860
3875
3876
3879
3880
3881
3882
3883
3887
3897
3901
3908
3912
3913
3916
3919
3920
3930
3931
3938
3945
3951
3954
3955
3956
3957
3960
3964
3972
3985
3993
3994
3995
4010
4023
4024
4025
4026
4029
4050
4051
4058
4059
4061
4062
4064
4067
4073
4075
4077
4078
4081
4082
4083
4084
4088
4092
4101
4102
4106
4117
4119
4123
4125
4128
4129
4132
4140
4141
4143
4144
4145
4149
4151
4154
4157
4158
4160
4161
4163
4168
4187
4188
4190
4192
4196
4198
4201
4202
4210
4214
4215
4216
4217
4221
4224
4231
4233
4236
4238
4246
4247
4248
4249
4250
4251
4252
4253
4254
4256
4257
4265
4267
4270
4271
4272
4273
4275
4276
4277
4293
4294
4299
4301
4302
4303
4344
4347
4359
4368
4371
4377
4381
4382
4383
4384
4385
4387
4388
4391
4395
4398
4399
4401
4410
4412
4425
4433
4434
4435
4440
4442
4443
4444
4454
4462
4469
4473
4475
4476
4477
4478
4479
4480
4481
4482
4485
4487
4490
4494
4507
4509
4526
4528
4530
4531
4547
4560
4562
