1
27
32
37
38
46
50
66
71
75
77
79
83
94
95
96
97
98
104
105
110
115
119
125
127
128
130
134
138
139
140
141
142
143
144
149
152
153
154
173
178
181
182
186
196
198
199
200
210
212
234
256
260
261
262
264
265
276
281
282
283
288
290
295
296
301
304
305
308
310
315
318
319
320
331
339
340
346
347
348
353
355
360
361
362
363
364
365
366
367
368
376
379
381
382
387
388
394
397
400
401
408
409
412
413
416
419
421
424
426
429
430
433
434
438
440
441
447
450
451
452
455
457
461
469
480
481
482
484
485
486
489
491
492
493
494
496
503
510
517
525
526
530
531
532
555
556
557
563
577
578
579
580
581
582
583
584
585
587
589
608
610
617
625
626
637
638
640
642
644
649
651
655
657
661
664
681
685
697
710
723
724
727
736
744
747
748
749
750
752
756
758
761
764
769
773
778
779
780
781
782
783
793
797
809
812
813
814
819
820
824
830
849
858
865
869
881
882
903
910
911
912
925
928
929
935
941
942
946
947
952
953
966
968
973
976
994
998
999
1000
1001
1002
1004
1005
1017
1018
1019
1023
1030
1033
1034
1047
1052
1054
1058
1060
1062
1065
1066
1067
1068
1069
1071
1079
1081
1082
1083
1084
1085
1087
1100
1101
1102
1105
1106
1111
1112
1113
1114
1119
1121
1124
1130
1131
1141
1145
1148
1149
1165
1172
1176
1178
1179
1183
1189
1190
1191
1192
1200
1210
1211
1213
1214
1219
1226
1256
1257
1264
1265
1266
1271
1273
1274
1275
1277
1280
1285
1286
1290
1297
1301
1316
1317
1329
1334
1336
1337
1338
1339
1341
1342
1343
1345
1356
1375
1376
1380
1382
1383
1387
1388
1390
1400
1410
1446
1454
1455
1457
1458
1459
1463
1464
1465
1468
1471
1472
1477
1478
1482
1483
1485
1486
1487
1488
1489
1493
